-0.000122035985
-0.066457659
0.135759801
0.0631439835
0.15745984
0.0404783487
0.0826528966
-0.00265480019
-0.0105531188
-0.0217986293
-0.0866505206
-0.0509593114
-0.0374682434
0.0968640074
-0.0990469158
-0.115314081
0.0148304692
-0.102948688
0.0245930683
0.0222489666
0.104790337
0.0888002738
0.049357865
0.0375181809
0.191085726
0.103189871
0.000632858311
-0.0947482362
-0.0358563773
0.0570591129
0.0353362747
0.0774453431
0.0997816399
0.022444116
0.0676464885
0.00144182506
0.0280563347
0.0265580025
-0.00819987059
0.0467821881
-0.058837276
0.00346147036
-0.0173206143
-0.0311328974
0.0350373797
0.0790948793
0.0567985326
0.156686306
0.0166848488
-0.0916294754
-0.0896937773
0.0571029149
-0.0349482559
-0.0116391862
0.00825639721
0.0176686607
0.121704474
0.0265863482
0.0519327261
0.0509386919
0.0875814632
0.0072744838
0.0853520334
0.0623089559
-0.0074980557
-0.0506971143
0.0300610531
-0.0305435676
-0.0511930622
-0.15960829
0.122430749
-0.0304523464
0.0233958587
-0.0364337265
0.0755054057
0.166163757
0.0344824865
0.0770377144
0.161805093
-0.029415926
-0.0312820934
-0.0500456877
-0.115292914
-0.0731237456
-0.198855683
-0.156599119
-0.0151543962
-0.0304590352
-0.0804173425
-0.161322638
0.00367717957
-0.0129884286
0.0397176184
-0.0353531614
-0.0115455557
-0.0235428382
0.0197859108
0.0625572354
-0.0127209835
-0.123800702
-0.0819730759
0.144970715
-0.0120172901
0.0586347952
0.0498193018
0.101677671
0.0892255828
0.0427926369
-0.0177559219
0.145364627
0.105741911
0.155419812
0.00697670924
0.0649949759
0.0778339282
0.0563092642
-0.032184191
-0.0400936157
-0.0866272971
-0.0776489675
-0.0164252333
0.0953755528
0.148469284
0.0610527545
0.00170695351
-0.0481129028
-0.100034565
-0.144999489
-0.0117949918
0.0276103783
0.00292482483
0.10869205
0.18696402
0.076585263
-0.03109321
0.0747543722
-0.0955726281
-0.0208759196
-0.123248614
-0.00363285304
0.10072346
0.147996441
0.00815746468
-0.0389334522
-0.0315754935
0.0607182346
-0.0511943251
-0.0615060143
0.031267263
0.0822755396
-0.0910602063
0.0120288879
0.0029780427
-0.169496909
-0.0836658776
0.126945317
-0.0823285133
-0.0465478227
0.0102700647
-0.0410471
-0.0604970045
-0.120097518
0.14846915
0.0748233423
-0.0669855028
-0.0312919468
0.0430422649
0.0554463901
-0.177177429
-0.0806912556
0.0694804788
0.0152767468
-0.0602996871
-0.148851216
0.0630085841
0.0737756565
-0.0410032496
-0.0756276324
0.0789129362
0.0328507833
-0.0207025316
-0.0055126748
0.0441335551
0.0447610132
0.0625869259
0.083147198
-0.0595509037
-0.0207300298
-0.0137018664
0.0880889595
0.204275042
-0.00528011797
-0.0709641203
0.214896828
0.119014382
0.0949693471
0.0764288753
0.107241578
0.0675871
0.0951460749
-0.0802029744
0.018287722
0.0940203741
-0.0683991238
-0.0923804715
0.104230128
0.108288474
-0.101771109
-0.017789131
-0.0650867075
-0.106956147
-0.150123641
-0.128512457
0.0481966436
-0.0331932716
-0.140894383
0.0745250434
0.00646971725
-0.0803528354
0.148957297
0.0902348161
0.059193708
-0.112202838
0.0782309845
0.114147902
0.127565682
0.0610068925
0.0390288383
0.350195199
0.375787258
0.0660533682
0.167139262
0.273260325
0.295969486
0.12567848
0.157861814
0.0489064343
-0.0190067105
0.0668505207
0.0921588615
-0.0823873729
-0.0833570212
-0.0302070621
0.151196003
0.100703493
-0.0322090648
0.0877154991
0.145492196
-0.0573580861
-0.186878204
-0.00932470337
0.108481318
0.0784663036
0.0547204167
-0.19461745
-0.0671719387
0.0638069063
0.0177628547
-0.0565374382
0.0199331548
0.023235146
0.237740248
0.0184142962
-0.0291116815
0.263812929
0.218963608
-0.0131910564
0.0394711643
0.0736017898
0.0767932758
0.0690713748
-0.00569354091
-0.105599694
0.0154631278
-0.028853694
-0.0642854273
-0.168223202
-0.0407603048
0.0589480884
0.175938115
0.0192912892
0.0315859839
0.244556785
0.197182178
-0.0683059096
-0.0611647367
-0.00735331187
0.153230906
-0.0875675529
-0.0119984969
-0.0584514365
0.0114827668
-0.0377637111
0.0503894091
-0.136389375
0.0168022253
-0.0487901866
-0.0193326287
0.00640883576
-0.0426625386
-0.118647754
-0.105444476
0.0149651989
0.0438348725
0.0494486913
-0.0965717658
0.0383097231
0.000831035082
-0.0561455153
0.0589767247
0.00730732316
-0.0214166716
-0.100934461
-0.0834830403
0.0503171049
0.0335279144
0.0816406012
-0.00684595341
0.108905673
-0.00770118088
0.0779131278
-0.0934758708
-0.0525267385
0.0669051409
0.0471970066
-0.00253883004
0.029212337
-0.0427789018
-0.0784135684
-0.00232050824
-0.0433976166
0.0389621481
-0.0754803643
0.0628939718
0.144763499
0.0533682369
0.0758054927
0.147151917
0.0935364068
-0.107678473
0.0627124086
-0.0440926924
0.0975657701
0.00317206467
0.0155214071
-0.0311754234
0.00491412543
0.0509457551
-0.135400832
0.0473936908
0.00431283517
0.00321805058
-0.0761258304
-0.132174522
0.0247763637
-0.138716012
-0.139816344
0.0258923192
0.0850896314
-0.0968336239
-0.0455853604
0.0769650638
-0.0289379004
0.135396138
0.108692758
-0.0100022219
-0.103197388
0.0538706034
0.0275329184
0.0118116578
0.0352653973
0.150061712
0.191943899
0.152778134
0.264466882
0.0729186982
0.17417559
0.301812261
0.0312428474
-0.0198784471
0.0466298722
0.0405378565
0.0212026797
-0.031868387
-0.071407035
-0.0215354301
-0.0528087355
0.0887488797
0.0164321903
0.011366603
0.0622551702
0.134432063
0.120313965
-0.142223075
0.0755252615
0.122288153
-0.017576756
0.0362965986
-0.082223177
0.0538328663
-0.099740155
0.0718081594
-0.153013423
-0.0166491643
0.0142799644
-0.0220352486
0.0448620878
0.0311121903
0.177195415
0.281334221
0.168907031
0.129814118
0.0633298829
0.206714675
0.0208437312
0.0414859913
-0.0271082092
0.0602983981
0.0873937607
0.101908036
0.019529501
0.0487163067
0.0585944764
-0.0801463425
0.0394289754
0.0652093589
0.114259087
0.135855332
0.0611423142
0.0711608604
0.0642542243
0.172648415
0.0134407189
-0.0421682894
0.0640748143
0.00514231157
-0.0679994076
-0.0161826219
0.00661438704
0.0423308909
-0.00376753905
-0.000290599564
-0.0582362935
0.0260773748
0.0420472547
0.0381754674
-0.0116947703
0.010969759
-0.072165966
0.0784666687
-0.056627363
-0.0439880714
-0.00686935615
-0.0146746244
0.0526415408
-0.00276976731
0.040910691
-0.0259549525
-0.0562827848
0.0437429771
0.011034579
-0.0658115298
0.0591574833
-0.0677584931
0.050140176
-0.026230732
0.0315385424
-0.0546852127
-0.00464293361
0.0296155624
-0.0368871503
0.0400392115
0.0100400448
0.073153995
0.0704338551
-0.0674047396
-0.0414600298
-0.0763932392
-0.0839727148
0.00049514079
0.00835792813
0.0372684002
0.0632983297
0.0309972465
-0.00937515218
-0.074412033
-0.0833795741
-0.0413202159
-0.0436999351
-0.0744628087
0.0790234432
0.0136517994
-0.043337252
-0.0152495252
-0.0209952798
-0.0420651361
0.0759358108
0.007972694
0.0206460208
-0.0218874644
-0.0757100955
-0.0300336741
-0.0326307788
0.0090465555
0.000903165899
-0.0136328032
0.0578610301
0.0302007925
0.0158829391
-0.0810400546
-0.0346140154
-0.0554474592
-0.0142903347
-0.058588665
0.0547040701
0.0331475064
0.0263170004
-0.0764541924
-0.0503718853
-0.0188726485
0.0355338864
-0.0285438597
0.00484137004
0.0340932012
-0.031572368
-0.0681344569
-0.0109872892
0.0676132441
-0.084316209
0.0586871728
-0.0123700751
-0.0347818807
0.022472959
-0.0397020206
0.0767773539
0.0116820205
-0.0566877127
-0.011217773
-0.0209699646
-0.0138617624
0.0143131614
-0.0595460758
0.0227788538
-0.0786552206
0.0681991205
0.0771626681
-0.0320781395
-0.051802747
-0.0617444254
-0.0825804025
-0.0396529958
-0.0161987841
0.0721685588
-0.00734045776
-0.0709453374
-0.000314712524
-0.0650684759
0.00179650984
0.0414160527
-0.00523315277
-0.0207187049
-0.0268810894
-0.0416508205
-0.0273567606
-0.0498952456
-0.0834011957
-0.0540863164
-0.0532894246
0.0742026791
-0.0591033772
-0.00297455164
0.0692730695
0.01736282
-0.00866307411
0.034064468
-0.0132362749
-0.0857782289
-0.146657154
0.0435015559
0.0734870806
-0.0337523706
-0.0521188267
0.0298919939
-0.0962286964
-0.0680827871
0.0673901662
-0.0524854921
-0.0657411888
-0.0252533071
0.0219533369
-0.0134405028
-0.0698166192
-0.0674371198
-0.00837072823
-0.0737785324
-0.121060438
0.0397810042
0.0410486907
0.0213014018
0.0283354875
0.0420001186
-0.0299591273
-0.065259546
-0.105242185
-0.0593557879
0.0821269006
0.039247524
0.0710177124
0.0362890363
0.0922650546
-0.013118716
-0.0079577649
-0.0104504926
-0.00599880051
0.0613178313
0.0393950157
-0.0193217807
-0.0368895531
0.0745330974
-0.00469358778
-0.00267972564
-0.0928495526
0.0528624281
0.0524061657
0.0545496605
-0.0636300221
0.00807005353
-0.00213030167
0.0349470973
0.0275396444
-0.113625661
-0.072932601
0.0390287191
0.0945141688
0.070065096
0.00430698739
0.0511597693
0.0298760347
0.0500830226
0.0993289649
0.124091148
-0.0408800989
0.0263728686
-0.0176129285
0.0156581774
-0.103537582
0.020368794
-0.0620111041
-0.144985095
-0.0752370507
0.147943631
0.0417463407
0.0612482876
0.0515811145
0.0503105856
-0.0355776027
0.0722856224
-0.115251727
-0.233507127
-0.0384298787
-0.204745844
-0.21815981
-0.131650165
-0.0445664003
-0.00675119832
-0.10348662
0.0257993545
-0.12067996
-0.0872160271
-0.0823989213
-0.0090123117
0.0598373413
-0.00130655908
0.0161496978
0.0590027235
-0.0408730768
-0.195793346
0.117829718
-0.00225826516
0.0602620393
-0.0558204949
0.00982618146
0.119678177
0.0144674703
-0.0378887169
0.0799406767
0.185668856
0.0301179588
-0.00989584345
0.0894263983
-0.0150738209
-0.0279415771
0.0785864517
0.0344050638
-0.196487963
0.0662613139
0.0384988114
-0.0745091811
-0.00414383737
-0.00059400202
-0.0143606765
-0.0271584503
-0.0659633577
-0.125173718
0.0247399677
-0.0629484728
0.143392116
0.116781734
0.114320375
0.0457023457
-0.0424463265
0.0945981815
-0.0219922252
-0.0256574638
0.0219723694
0.00919664185
0.0390062816
-0.0159305613
-0.00467052497
-0.0921523497
0.143477723
0.045569025
0.14153707
0.0359159745
-0.0810964853
-0.156737119
-0.0233417805
-0.142706051
0.0302071199
-0.151812315
-0.0667899102
-0.0204553809
-0.12993066
0.0177147742
-0.00593612995
0.0902192295
-0.00903637987
0.0657335594
0.0725151002
0.166981399
0.123335473
0.0817522183
-0.0533068478
-0.243743613
-0.0130409822
-0.233828917
0.00274445629
-0.0341701321
0.0551771596
0.158350229
0.0999918878
-0.00609519891
-0.110816434
0.0322766565
-0.107344642
-0.115622163
0.00109872222
0.0211353898
0.0665245205
0.0763421953
0.064128086
-0.0255774967
-0.044108253
0.0761598051
-0.00544857979
-0.00906955637
-0.0552672595
-0.164770514
-0.0623827092
-0.00439382577
-0.0542324409
-0.00937314518
0.0103203366
-0.0493676178
0.11809665
0.130649656
0.0467675105
0.103847593
-0.128444836
-0.161783144
-0.140137389
-0.0288454518
-0.0330042541
-0.0285320524
-0.109634794
-0.00483055227
-0.0432186425
0.127684757
0.0306840278
0.116414256
0.135070413
0.0970373228
0.146835104
0.147334382
0.190854326
0.043439243
0.00574514735
-0.0676076338
-0.066537343
-0.0761785805
0.0506215729
-0.0409159511
0.0799398348
0.162401095
0.0776609406
0.0628308505
-0.124997407
-0.153020248
-0.309031367
-0.242734164
0.0638834313
0.0855938792
0.0210531466
0.140181527
0.0700034648
-0.0883616656
0.0540224873
-0.169765681
-0.0159992278
0.0646352023
0.0717798695
0.129755661
0.0373772793
-0.00387930358
-0.175755411
-0.0818330944
-0.0827217624
-0.027700508
0.17917873
0.118339434
-0.0520326197
-0.122703642
-0.148408741
-0.182327047
-0.149431437
-0.116366692
0.146532655
0.083597675
0.214319006
0.238363698
0.121825621
0.085380815
0.0134815183
-0.0546446219
-0.201015592
-0.0543168224
0.160685048
0.159769937
0.192824677
0.145802274
0.011174703
-0.010497394
-0.0461600982
-0.169518024
0.00378846959
-0.0432029404
0.130174384
0.160168797
0.247444823
0.116288044
0.0927053466
0.0419899561
0.0161804128
-0.0820133165
-0.0206849426
-0.058159858
-0.173125058
0.144604534
0.00697631948
0.0774030462
0.0654160455
0.138953879
0.0296244305
0.0045407759
0.0624267608
-0.0300481897
-0.100976221
0.0078171324
0.0455752872
-0.0307309963
-0.129440382
-0.0865094662
-0.0100424197
-0.0931829587
-0.143777043
0.125703663
0.0831758454
0.0107960366
-0.0381916277
0.0584577881
0.0598962754
-0.145264
-0.0979254916
-0.0206425376
0.0428936556
-0.0189925153
0.0223816652
0.171423122
0.136042163
0.0324704945
0.070885174
-0.0242787004
0.0128984954
-0.0588539355
-0.028438827
0.0723229051
-0.00252986955
-0.0346592665
0.0302382112
0.0119556151
-0.00353966583
0.0122162746
0.174579263
0.172809735
0.0828200579
0.0523436032
0.134784982
0.083129853
0.0495975688
-0.109402612
-0.00960949901
0.0653481632
0.0116429515
0.130485237
0.106296204
-0.0110177333
0.108618326
0.0101839155
0.081876345
-0.00184594665
-0.0960067809
-0.0366452523
0.0409890711
-0.133130714
-0.154431805
-0.106167898
-0.0760151744
-0.18406339
-0.168375716
0.103696197
-0.0477677435
0.00311820419
0.136291757
0.107631251
0.177141592
-0.181641147
0.00721752737
-0.142304584
0.124416091
-0.0657221004
-0.12119396
0.223529845
0.186966866
0.0664653629
0.0530905761
0.0190177746
-0.0749466121
-0.0256234445
-0.0458604358
-0.0788915306
0.0626211166
-0.0193532687
-0.0281390622
-0.142300799
-0.177486733
-0.089466162
0.137753844
0.0842195451
0.0947389379
0.152658001
0.0897776634
0.0995866209
-0.117432289
-0.000389152585
-0.134044021
0.0515583195
0.099826999
0.0917363912
0.0574292354
-0.0336025022
0.110176675
-0.0394620523
-0.156749576
-0.209034473
0.155411139
-0.0155004123
-0.0598081872
0.353396654
0.207365319
0.146209553
-0.111398704
-0.156487986
-0.0628644302
0.0756727904
-0.0613337755
-0.0284721311
0.0452905037
0.133902848
0.113843322
-0.0343941711
0.045956213
-0.029776454
0.1167785
0.0200489704
0.0133127961
0.187442839
0.211160004
0.167026311
-0.0693388581
0.120653011
0.0807784051
-0.233013257
-0.282832146
-0.266516834
0.00837795343
0.0796073824
0.110337235
0.0970206708
0.0926489383
-0.00345903565
0.0278424546
0.151421443
0.10628403
0.108043715
0.0408657491
0.0965525135
-0.068979077
-0.00614764215
-0.0543573797
-0.232296869
-0.131650567
-0.185643435
0.108667843
0.120574996
0.185836956
0.000712853507
0.149344772
0.15622595
-0.118366294
-0.123771653
0.00729962904
0.0248938967
0.0526558459
0.107504152
0.0727515966
0.0755218267
-0.0427016914
0.0818480551
0.0791459903
-0.0123225851
0.0281581189
-0.0550602302
0.0155111849
-0.0493737608
0.00919551216
-0.127853796
0.0371449254
0.0969139785
0.0553001948
0.109749489
0.0906416401
0.0874021277
-0.0010619188
0.0710107535
0.0942150876
-0.165552422
-0.150118575
-0.126254782
0.0114809796
0.142331764
0.126967445
0.0468763933
0.096866563
0.134611189
0.12811777
0.110709853
0.113595627
0.0652535856
-0.0153054865
-0.0181571357
0.0316535756
0.0969729796
0.168467447
-0.143346921
-0.147104099
-0.193346053
0.0600004047
0.0615928024
0.112119645
0.325902194
0.279716253
0.236298889
-0.200564876
-0.185751915
-0.277884543
-0.242459223
-0.215357631
-0.197798371
-0.0953850374
-0.0403488576
0.0456872694
-0.139013767
0.0463699028
-0.100286648
0.0377205759
0.0700138137
0.0941601768
0.0307586901
0.175118312
0.0409324095
-0.29446125
-0.166809365
-0.183262199
0.0312112644
-0.0105724325
0.0194389671
-0.135536149
0.00146346586
-0.134355903
-0.094420895
-0.15724802
-0.138750628
0.0864322335
0.0416186601
0.128926858
0.156419143
0.257124484
0.30359301
-0.117673576
-0.139339909
-0.22940433
-0.14283438
-0.126863763
-0.137066483
-0.0615401417
0.0560463369
0.15719682
-0.273982376
-0.121583767
-0.227987185
-0.0760406852
0.069229193
-0.0323672146
0.0877186731
0.213131487
0.165824518
-0.00453903712
-0.0352084562
-0.011047258
0.0359617211
-0.0764109045
-0.0791182145
-0.0465001762
0.0788683817
-0.0434382036
0.0412617102
0.0634570047
-0.0135897016
0.0951792523
0.0125512872
-0.206709445
0.00141471601
-0.0194671433
0.052892305
-0.0944727212
-0.00229263119
-0.00470225792
-0.130518422
-0.0287898406
0.0951731429
0.0411731713
0.152388975
0.0715368465
0.0369246304
0.0913247541
-0.0486310758
0.177307025
0.124815695
-0.145544767
0.0601001643
0.114004001
0.0147881638
0.0841799825
0.059630245
-0.135109589
0.00481064618
-0.0573260486
-0.127160102
0.000219921276
-0.0266284347
0.0303049982
0.0251225829
-0.0540727302
0.0691887066
0.018833112
0.0413197801
0.0172643363
0.0504615046
-0.0509082861
-0.134942114
-0.112270661
0.00510071591
-0.0758420601
-0.124695554
-0.161234483
-0.259370863
0.0621754825
0.126815245
0.0854254216
0.0778620094
0.15070568
-0.116769873
0.127209529
-0.0959011018
-0.201966882
-0.0676899552
0.0142650446
-0.0634993836
-0.0197985861
-0.12170101
0.0669233203
0.0116038388
-0.0381321013
0.0283307955
0.0178518314
-0.00418968406
0.0613763034
0.0285304878
0.0436769836
-0.155151665
0.0573901162
0.0493783727
-0.187053278
-0.0246804953
-0.0942528546
-0.0482226908
0.00713951373
-0.0917369574
-0.188822672
0.0054838066
-0.241307437
-0.172281206
-0.00370658538
0.128090948
0.0613190755
-0.0556078777
0.0721187517
-0.00490979431
0.048867818
-0.00581980962
-0.171251491
0.0251954943
-0.0248309784
-0.0221034884
0.0314846113
0.116796061
-0.117908247
0.138087898
0.0353281684
-0.13800855
0.0151503878
0.0993713439
0.00837860629
0.0993226767
0.0793191418
-0.110368475
0.0946169347
-0.127609909
-0.226165518
-0.157438233
-0.127351224
-0.0986433178
-0.0301474947
-0.0176968854
-0.149988875
-0.011927926
-0.166443676
-0.0519281551
0.0668038502
0.139795601
0.104235791
0.07165014
0.16070649
-0.0258744955
0.180578634
0.158112973
-0.0607375987
-0.0531183481
-0.078209199
-0.0734096244
-0.13870585
-0.0659630746
0.02262857
-0.115268044
0.0711327866
0.0182528831
-0.0205632411
0.08058469
-0.130123124
-0.070921585
0.194051504
-0.0437313393
-0.0734980181
0.153578669
0.093978256
-0.120858952
0.0602035224
-0.0120212836
-0.223365471
-0.0511896312
-0.0972991362
-0.183494717
-0.20121786
-0.0513475053
0.106764011
0.0139287664
-0.197176307
0.102365598
0.0428751521
-0.0147212222
0.0717033297
0.19321157
0.0285021812
0.0435274355
-0.176784739
-0.0243402272
0.17962116
-0.0679344237
-0.130556867
0.0560123809
0.0703726411
-0.0308170188
-0.0706689879
0.0142870154
-0.0650177822
0.0384813361
0.029570451
-0.0491707623
0.00761442399
-0.0513980798
-0.0143403411
0.0891070291
0.178192437
-0.0873556063
0.101083934
0.254794836
0.063885808
0.0632576495
0.174529403
0.0564972572
0.0745694414
-0.0447586253
-0.0671875104
0.0288023688
-0.00691618118
-0.104650617
0.112862766
0.0451981351
0.045786351
-0.244111046
-0.0228434261
0.0254830141
-0.318227738
-0.2148083
-0.149903208
-0.197681218
-0.271546453
-0.133843169
0.0776304752
-0.0624231175
-0.142013013
0.105471119
-0.00798826106
-0.030534368
0.0619641282
0.0356379151
0.156483144
0.0130888103
-0.226162553
0.174094483
0.361671716
0.06210085
-0.0269980263
0.316184998
0.188925907
0.0874054134
0.0657892749
0.0122745326
-0.0911135003
0.119986802
0.0620159172
-0.0383118466
-0.0539241657
0.0808152556
0.0030198202
0.0437835306
-0.0880204886
-0.190718845
0.0678802133
0.0671366602
-0.0677122995
0.0198312085
0.125246391
0.0908368602
0.115236931
-0.174582079
0.00550310779
0.055715926
0.0771520212
0.0095873829
0.137462884
0.170396969
0.0667330772
-0.0201310031
-0.210892856
-0.0707971156
0.119431019
0.00136570178
-0.00970181916
0.1461211
0.15621601
0.0896279216
0.138606206
-0.0598946176
-0.182520837
-0.0145639423
0.0123546515
-0.108516812
-0.100727625
0.0616059974
0.08118999
-0.169845358
-0.145644456
-0.0395798981
0.0983175486
-0.0391802713
-0.125427216
-0.0869824961
0.00904157571
0.00724478671
-0.0380413495
0.102471121
-0.0204783026
-0.203166053
0.0562765263
0.0562833212
-0.250899255
-0.0566760488
0.0478038862
-0.0935487151
-0.154553786
0.072934173
-0.0304409489
-0.293795437
-0.0838190913
0.0103244316
-0.0854142234
-0.163612753
-0.00539959688
0.0693423823
-0.0337216556
-0.140988514
0.0972711518
0.0568013452
-0.256897539
0.0117766894
0.0962716937
0.159475058
0.137668148
-0.221311718
0.0141272154
0.128217399
-0.109911747
0.0299563222
0.132750422
0.0765769556
-0.0285918824
0.0166367702
0.00400072336
-0.0498690717
0.048857443
-0.0255506448
-0.062040966
0.0814698562
0.0306230001
-0.0648921058
0.120552912
0.00590103306
-0.158260316
0.204239398
0.218378633
-0.169449106
0.0513292067
0.25340727
0.0498075932
0.0436205678
-0.173473299
-0.0666107535
0.00284503377
-0.0832296759
-0.0893112868
0.103383541
0.0493349731
-0.225201398
-0.288454175
0.0173405781
-0.148398295
-0.395954281
-0.08858376
-0.0865944847
-0.303416789
-0.222468778
0.0489868447
0.0755862668
-0.0765930414
0.0374255814
0.0467578918
-0.0219396837
-0.113950215
0.0610648058
-0.00751152169
0.174645841
-0.0163612366
-0.0985121578
0.300665259
0.241356939
-0.129021391
0.203867033
0.219862357
0.0499123856
-0.0805466995
0.18420732
0.143483981
-0.224904463
0.208579943
0.0909952745
-0.258230716
0.0892727301
0.00374187133
0.157028377
0.144704789
-0.112981156
0.0255801287
0.175326511
-0.0981761441
-0.154249415
0.0523878783
0.0363119729
0.169610575
0.118904993
-0.127616942
0.0784738362
0.0599669963
-0.145669192
0.00294599799
0.0337048806
0.0899443105
-0.042787157
-0.198865548
-0.208166108
-0.0112443669
-0.0513633452
-0.243936092
-0.11965514
0.112050742
0.0259286799
-0.0891058892
0.0787281096
-0.0201631226
-0.181430429
0.0983940661
0.0486018993
-0.203620702
-0.0447005108
0.00309031177
0.00468035415
-0.201059893
-0.0494108796
-0.0472315066
-0.0952451229
-0.191688761
-0.00872524176
0.0537132882
0.0322316401
-0.222929612
0.0645705014
0.10685797
-0.0694346055
-0.00828630757
0.160932735
-0.0765928626
0.0128967986
0.124165453
-0.00283090398
-0.134368643
-0.162413314
0.0639374331
-0.0148935886
-0.0153593915
-0.0480620451
0.000391530863
-0.0560653582
-0.222436666
0.171715081
0.106955662
-0.104638256
0.0512119085
0.11401739
-0.0023321528
0.0479018316
0.0773386657
0.024102753
0.174761474
-0.00871942658
0.0366696306
0.0761598945
0.0459679663
-0.03101575
-0.0176275335
0.0355930068
0.00217337417
-0.0158571415
-0.0397217087
-0.0339448079
-0.0131190624
-0.061496608
0.0419374034
0.0722675025
0.0161992516
-0.24618195
-0.0465425588
0.0649745688
-0.210819602
0.0239022095
0.135928482
-0.0662776977
-0.00811336003
0.0766266286
-0.0333815813
0.0730232373
-0.00283259084
0.0700669885
0.0879295319
0.0596056432
0.0867606103
0.121218666
0.0715306848
-0.0199642107
-0.191244453
-0.201784626
0.0320771225
-0.223099083
-0.189003244
-0.0945139155
-0.180181861
-0.212010846
-0.0290214606
0.120854996
0.0461019911
-0.0814083964
0.056740962
0.0825444087
-0.0684136376
-0.00254031806
0.11032404
0.134706721
0.0262303837
-0.110278271
0.103261292
0.134325102
-0.16421625
-0.0365195759
-0.0447107852
-0.100168429
-0.151717156
0.0194128882
0.121379182
-0.262755215
0.104412027
0.162343323
-0.0876939893
0.0772612765
0.0660620183
-0.0985825211
0.186651424
0.0843044221
-0.120228522
-0.0130591523
0.0354750417
0.0421055034
0.0429445878
0.0770656317
-0.0332650132
0.161415875
0.0871520862
0.0922366828
0.0538664944
-0.0736494288
0.102360502
0.0348327346
0.113321945
-0.168486148
-0.0847726911
-0.252618045
-0.232332632
-0.188032836
-0.179037243
-0.198756829
-0.0471945405
0.0697710142
-0.125247255
0.0248891506
0.0824658498
-0.237949491
0.0264710542
0.0561257601
-0.0862002149
-0.0283702277
0.0225234833
-0.144154266
-0.252709359
-0.23621954
-0.210110068
-0.265870512
-0.178119808
-0.183975756
-0.198255107
-0.00841696188
0.150333449
-0.0840625465
-0.0018021405
-0.0184746291
-0.088275373
0.235680088
0.0251953974
0.23330088
0.0352869108
-0.110254124
0.109440736
-0.0312276129
0.12531504
0.106663369
-0.170530066
0.0973618701
-0.112927884
-0.000157897681
0.220089972
-0.0305513497
-0.123555273
0.0389652364
-0.282655239
0.146961465
-0.00859472156
0.137882128
0.170115009
0.070566386
-0.126479447
0.112366676
-0.0223979261
-0.115965299
0.0581149608
-0.0447577052
-0.0173425823
0.0698882118
0.0118390527
-0.0654717535
0.0779748186
-0.0776628405
-0.064464353
-0.0610876009
-0.040302299
0.0177901201
-0.0348955616
-0.0277894456
-0.0790840015
-0.0438820757
-0.0845196024
-0.00617135921
-0.0726204589
0.136638626
0.0755092874
-0.124852866
0.145902142
-0.158777013
0.112827346
-0.180975318
-0.104522288
0.132601991
-0.0118447021
0.141338259
0.0399174057
-0.0965510607
0.152436838
-0.0666103885
0.0238040294
0.188514858
-0.0894463733
0.120234579
-0.14665392
-0.0219959654
0.112564348
-0.0885706767
0.0534866787
-0.11699535
-0.0712460652
0.187284142
-0.156875178
0.198403224
0.119018838
-0.0585077256
-0.149675459
-0.0433775373
-0.152243659
-0.273777038
-0.102294914
-0.28305611
-0.183679193
-0.03060605
0.237571269
-0.0895895734
-0.164867058
0.0936261415
-0.176979318
-0.0241256896
0.00409763353
-0.00862843264
0.184636682
0.163792953
-0.160411328
0.05517786
-0.0383536853
-0.144777432
0.166052625
-0.0724233463
-0.00572566083
0.0358722396
0.0701406747
-0.152236953
0.0750997886
-0.254044056
0.0579685085
0.257854998
0.0263595507
0.115954168
0.00381858996
-0.0180276129
-0.117447734
-0.139749989
-0.132963479
-0.333123058
0.0115738381
-0.189214617
-0.053718891
-0.020741079
0.254227966
-0.0336366221
-0.120363481
0.0114855748
-0.129729852
0.236964434
-0.159192219
0.168168604
0.155752048
0.0640136302
0.10666541
-0.0386644229
0.134566873
-0.114326507
0.00067028479
-0.0250142161
-0.123819783
0.0368147083
0.11001198
0.188948646
0.0851177424
0.041770976
-0.0515486822
-0.0873483717
0.0544278994
0.0571459495
0.0663244352
-0.030156102
-0.0539175458
-0.148250535
-0.0463697091
-0.06158356
-0.0842649713
-0.0838324279
-0.071230635
-0.109202258
-0.0171246734
0.0590494052
0.0326824971
0.0541390255
0.0623500347
0.0229019392
-0.0384984054
0.0040671532
0.0337904431
-0.00139017077
0.0117485523
0.13886632
0.0315355584
-0.0492622219
-0.0593599491
0.0619485527
0.0939119607
0.0752261654
0.0626147389
-0.0103267534
-0.0478899293
0.0309541225
0.0246900432
-0.0534249544
-0.083253108
-0.0521331243
-0.033985626
0.0534539558
-0.0355698541
-0.0262562782
0.0475316048
0.027862614
-0.0274834782
-0.113046832
0.0984842479
0.162177816
0.13477543
0.0454273149
0.0465985984
-0.00438431557
-0.075619489
0.0562023781
0.079672277
0.0352538191
0.0440577492
-0.169054493
-0.0112930266
-0.102727458
-0.142990634
-0.0236458369
-0.0150695574
-0.121851139
-0.0390903428
-0.0838624835
0.0910589769
0.0170408282
0.102424182
0.0332706459
0.0445187613
-0.0025926833
-0.0248057563
0.0671208799
0.0447670892
0.0119613325
-0.118168637
0.134396479
0.0266835634
-0.0448873565
0.0697376579
0.0521629043
0.12668556
0.000156792521
0.08943104
0.0144607546
0.0805662572
0.0964773074
0.0292258002
-0.00579293678
-0.0493119769
-0.0914981142
0.0819651932
0.0190883689
0.113130957
0.0548882708
0.105420865
-0.0510384478
-0.0728659853
0.0591606461
0.0438301452
0.030369848
0.0672094151
0.0107684396
0.0108459741
0.0664352998
-0.0348821729
0.108800285
0.0699919388
0.0988117531
0.152617991
0.0779020861
-0.0574934185
0.0891092047
0.0237649903
-0.101764016
-0.198980719
0.130009279
0.00660517206
0.0414702445
0.130994871
0.0824463964
0.101181641
0.114201598
0.0397271402
-0.0722204596
-0.0186047666
-0.00791634806
0.049702093
-0.0858649611
-0.0561081432
0.0414789282
0.0152585898
-0.0833583251
-0.142642975
0.0139659187
0.0725005344
-0.0413253568
0.0190182552
0.130098045
0.0493808053
0.175756946
0.0988958552
0.200393543
-0.0814422444
-0.136566341
-0.153905734
0.01321554
-0.0371828787
0.00793182943
-0.155270472
-0.0015236804
-0.0373018011
0.0895429626
0.0995279029
0.0532884784
0.0869603232
-0.0208283067
0.0283082835
0.132590398
0.07103616
-0.00826908182
-0.135060921
-0.149611816
-0.138343319
-0.0645955205
-0.0563166067
0.0752506331
0.0617117994
0.15132387
0.0754655749
0.0319366455
-0.104150869
-0.0781677365
-0.0613687634
-0.0179221034
0.0403673351
0.0272616651
0.0451140516
-0.00239918637
-0.00820669532
0.0430377126
-0.00136077404
0.0446727425
0.0462703593
0.00045906179
-0.0120856259
0.0429235399
0.00276583922
-0.166146055
-0.227252021
-0.0463258401
0.0795971528
0.0888073593
0.0677610561
0.129970774
0.0174134299
0.0955450758
-0.0840419382
-0.148088068
-0.0942643061
-0.0707801282
0.0384913422
0.0013993457
-0.143220812
-0.0946837664
-0.0145455757
0.0190863274
0.0576988421
0.0285902191
0.0512888245
0.0265911054
0.140598997
0.0979289114
0.126596197
0.0736943707
0.0427903645
-0.133818164
-0.170439482
-0.117351547
-0.162130371
0.0216331352
0.0391815342
0.0849006027
0.151210472
0.0283093657
0.142711669
-0.00958477706
-0.0458631292
-0.040909458
0.0283972379
0.0896552652
0.017571846
0.104174681
-0.021746764
-0.0415908769
-0.0919524133
0.0788349658
0.0552297942
0.117269531
0.167102411
0.0908540413
0.204972401
-0.108145051
-0.120832093
-0.124142699
0.138316929
0.0316471122
0.0886060745
0.0342465863
0.0384328179
-0.0915660635
-0.23578918
-0.234875336
-0.220994592
-0.0691072345
0.0359989367
0.042557247
0.132674381
0.281071424
0.304123849
-0.00602464052
0.114816271
-0.0291856267
0.10039109
0.0547726825
0.134282067
0.0995211825
0.160183087
0.203104571
0.0550935343
0.0314867273
-0.0746996775
-0.121317565
-0.0706901625
-0.00462663313
0.194886342
0.0873133689
0.24765788
0.0808101669
0.121970192
0.107182398
0.074402526
-0.00444195885
0.0621030442
-0.151169896
0.0329160318
-0.0555680506
0.191600904
0.0626800507
-0.114506878
-0.11113736
-0.10522417
0.0520516634
-0.0828442201
-0.000330174604
-0.0540137812
-0.0925267711
0.0397741161
0.0396698005
0.0181840621
-0.0724749193
0.0583813861
-0.188513786
-0.083132416
0.118334733
0.180816501
0.0478493348
0.027661534
0.00552189024
0.107824348
0.121532306
-0.140167996
0.0870127752
0.0288620591
-0.0165945031
-0.0106922649
-0.0332923718
0.0797563195
0.013940623
-0.0492842197
-0.0669807941
-0.0615936741
-0.0802978873
0.0131200459
0.0304124653
0.0772375092
-0.0710594729
0.096106872
0.121657826
0.0706426948
0.0218725987
0.0166558791
0.173655823
-0.0226686597
-0.0260341745
-0.00439760089
0.0222041979
0.0524354279
-0.153851166
-0.0196883418
0.132360011
0.140142113
0.0406655259
0.035542801
-0.0684888512
-0.024999775
-0.0546977781
-0.0146571705
0.00573234353
-0.0330429971
-0.114566356
0.0246326514
-0.029711334
0.154180825
-0.0342729464
-0.0515792295
-0.100871533
0.0414125919
-0.0127613246
0.221117392
0.0931023136
0.0333917327
0.22671324
0.213421136
-0.080943048
-0.00791605562
-0.00872547366
-0.0741539299
-0.140167192
-0.103587717
0.0595662557
-0.0212810598
-0.0639530942
-0.0549446978
-0.079800576
-0.133352131
-0.0830747783
-0.018284034
-0.00508395908
0.00745793339
0.105947562
0.125618055
-0.022627512
-0.102226824
0.0406967402
0.139962032
0.100420713
0.0925004184
0.0325667821
-0.0529590361
-0.0319608934
0.0857002661
0.0419912301
0.154565543
0.115150377
0.204732284
0.0249417257
0.0206585582
0.305545539
0.0318218879
-0.146873742
-0.0241898075
-0.00251658075
-0.0328447595
0.101775497
0.00939818472
-0.0413873419
0.160088062
0.0979031846
-0.0445881151
-0.129014596
-0.0755881742
-0.0217729378
0.136939943
0.132723361
-0.0487541854
0.2404304
0.0498816296
-0.0945903957
0.0578711852
-0.100348197
0.0562468618
0.129320547
0.157370389
0.0233440492
0.00602860563
-0.101975642
-0.0648439005
0.0145141985
-0.0586936995
-0.0955902115
0.102902785
0.162223503
0.0252351519
0.0906308517
0.00623392873
0.00686197402
-0.0135966716
0.0388838649
0.0327327885
-0.0617807843
-0.077867724
-0.132742807
0.0325906947
-0.167026162
-0.14064315
0.162333712
-0.0334341004
-0.0798205659
0.15628168
0.13463442
0.202216536
-0.103966504
-0.0457252339
0.0179143175
0.00583759835
-0.145947888
-0.0839432925
0.044421982
0.06944976
0.00434492808
-0.0603110902
0.0171418302
0.00446582865
0.0656564161
0.00154043245
-0.0363939404
-0.0733535737
0.0708772168
0.067333214
0.0686883777
-0.0982332602
-0.0782775879
0.203658298
0.211350769
0.121990643
0.0891881064
0.215641066
0.282721877
-0.11457102
-0.0753592998
-0.0351753309
0.0761246681
-0.0167914778
-0.135342836
0.119420394
0.185137346
0.0551666543
0.0366521887
0.00415496714
0.00530135166
-0.0746200457
0.0386530459
0.0989910439
-0.113483921
-0.15409328
-0.165710419
-0.126709327
-0.0426118672
0.0420821384
0.0517121814
-0.152791902
-0.191059947
0.146663487
0.16926606
0.0887398198
-0.120650023
0.331531405
0.264445603
-0.0994736478
0.0891605318
-0.00614790805
0.213044778
0.138233453
0.0328317732
0.0188692212
-0.0527095906
-0.0644056499
0.0733774602
0.0623886585
0.0750803202
0.0746489465
0.14401716
-0.000447693106
-0.082754083
-0.110092692
0.0120762223
0.0384661332
-0.167851239
-0.0903566256
0.178090006
0.163345382
0.0922742188
-0.113403648
-0.196593508
-0.0173411444
-0.025992386
-0.00110037532
-0.106067471
0.0838298202
0.215108141
0.156526566
0.0255629998
0.0984625518
0.308990061
-0.113776483
-0.17392081
-0.171431661
0.23604162
0.215811267
0.10246589
-0.0553490259
-0.0844183043
0.0836449713
-0.0581899844
-0.151736647
-0.250942051
0.128396571
0.120094568
0.0253810063
-0.0538244173
0.167657688
0.283432305
-0.156490803
-0.11144761
0.000545141287
0.0517885685
0.106399313
0.0390865244
0.0248738881
-0.0911889225
0.105665863
-0.0867831707
-0.119810037
-0.00727983052
0.0215866975
-0.0396764278
0.1306694
0.0206155665
-0.130017787
-0.0440001972
0.0281038713
-0.0825179145
0.00328320009
-0.0429874696
-0.0282974299
-0.0580508709
-0.0129028112
0.0672849342
0.0737641454
0.0153255016
0.0113915913
0.0269922037
-0.0196293909
0.037973009
-0.052412089
-0.0491472371
-0.0175503958
0.00450767577
-0.0440093018
0.0950396582
0.020391874
0.0562163033
-0.00768222939
0.0539983436
-0.0686820671
0.00206628442
0.0822673142
-0.0638448149
-0.0116208
0.0513578281
0.00984483957
0.0102996435
0.0295487046
-0.065494284
0.0865687877
0.0732100904
0.0340069085
-0.0683254972
0.100128286
-0.0251458343
0.0713910908
0.0898287296
0.00617110217
0.0249952748
-0.0377581082
-0.0639782548
0.0294872764
-0.0529538095
0.0533088706
-0.0182837136
0.0174385514
-0.0501632243
-0.149298176
0.00711560156
0.0710560828
-0.065767467
0.00944225211
-0.0159205031
-0.0366082676
-0.00939772464
-0.00170197641
0.140971735
0.0372218229
0.0256172251
-0.0448798984
0.000680639758
0.0937622711
-0.0621138327
0.00716167036
0.147822693
0.145464927
-0.0575285442
0.128287777
0.0284135882
-0.0306974426
0.0193491224
0.043996755
-0.0456059463
0.0290016308
0.0532901995
0.0118683958
-0.0375055447
-0.0280498713
0.0857730135
-0.0710971281
0.0597246066
0.0767715573
-0.00168722623
0.0980828553
0.0388014838
0.0248828977
0.0497131981
-0.0192537587
-0.0137888156
-0.0104465121
0.0353024229
-0.0356359407
0.0606163107
-0.0773261338
-0.0452658907
0.0699512288
0.0739863738
-0.0342473909
0.0467415005
0.0960603729
0.0218627043
0.0225803889
-0.143342167
-0.0444863513
-0.0786584988
-0.150206015
-0.0697001815
0.0405510142
-0.0154691078
0.0580587946
0.105384484
0.111058839
-0.0304141697
-0.0326134451
-0.000503747491
-0.0563951805
0.061022453
0.0692412704
-0.00121874479
-0.0370078124
0.0214524865
0.0421593972
-0.0507201962
-0.0163345989
0.00878014788
-0.0528526604
-0.0165367313
0.0359744392
0.193903938
0.0878909156
0.0309493933
0.143230706
0.0219009835
0.105322942
0.0345059372
-0.032260444
0.0462823436
0.0394838937
-0.10792201
-0.0311362538
-0.0279017631
0.136983559
0.0426277407
0.0544932261
0.0755185336
0.0956212059
0.107923277
0.138660565
0.018360436
0.168890461
0.0549653769
0.0944286659
0.150143668
-0.0612187497
-0.0500716381
0.144837782
0.0446106829
-0.0236130785
0.0181392245
-0.0716679916
0.0144048398
-0.0221996531
-0.155699462
0.020071974
0.0738672912
-0.0493743643
-0.0530207977
-0.0217111222
-0.00686771702
0.0153822508
-0.0647515953
0.0220611896
0.000623152708
-0.0429487787
-0.121927842
-0.0706121624
-0.0986881107
-0.0267912988
-0.0700763315
-0.0372133665
-0.0994176492
0.0705743283
0.115308531
0.0447522998
0.0039309198
0.0542876981
-0.0861475393
0.144495115
0.0119455066
-0.134547636
0.007935917
-0.0976445377
0.0493966974
-0.030041283
-0.0728735253
0.136568457
0.0404950902
-0.0350641645
0.079261452
0.108516373
0.142714381
0.112035029
0.106895305
0.0969611928
-0.142390728
0.0866991729
0.10241349
-0.0882278234
-0.22751376
-0.0459301025
-0.0886415765
-0.0787942484
-0.0680396184
-0.343093246
-0.10853298
-0.204698861
-0.23789911
-0.042112954
0.0220419373
0.124553084
0.0871272534
0.14379248
0.0805141777
0.0494201332
0.127160266
0.0510321595
-0.0653332323
0.110187463
0.116788812
0.0990233347
0.106823996
-0.0810523033
0.0159555003
0.0525241606
-0.209471345
0.0983583927
0.215838224
0.0418545455
0.0726481378
0.191101953
-0.146973968
0.0419488847
0.0679592714
-0.176552907
-0.22202225
-0.120365925
-0.014760606
-0.197284922
-0.133768275
-0.253921211
-0.159824476
-0.162464693
-0.15075697
-0.00641488703
0.0784252509
0.102255091
0.101294197
0.167623088
0.101192288
0.034601938
0.150436848
-0.119301043
-0.150604695
-0.00370073388
0.0706768855
-0.232690185
-0.0821717158
-0.110646367
-0.169933289
-0.01719038
-0.0106682032
-0.0190660302
0.00436907168
0.08557529
-0.0867593512
-0.0883773714
0.13177377
-0.15927799
-0.0490038544
-0.0103366179
-0.202971488
-0.142929941
-0.187874943
-0.165169239
-0.211481795
-0.149671331
0.0243307315
-0.188654736
-0.230573833
0.102631614
0.0711198449
0.100408852
-0.0497661754
0.0153547162
0.107379623
-0.142308399
-0.0924040079
0.0115109477
0.0382356569
0.0856205523
0.000667929358
-0.0176293887
-0.003069225
0.158572942
-0.0691763163
-0.0995646045
0.0464070737
-0.0401006863
-0.00320145488
0.0247673802
-0.00838922523
0.0752732158
0.000634074211
-0.0414725244
-0.00442237686
0.00844174623
0.145366639
0.193804607
0.185338005
-0.193431765
-0.10008128
0.13479948
-0.102235645
-0.118298084
-0.023964718
0.117105298
0.0476329438
0.0492080189
-0.0793119669
0.0231287181
0.0922702029
-0.168719098
0.0203690976
0.0084241759
-0.151063398
-0.175675571
-0.253162652
-0.179987416
-0.194106236
-0.15759109
0.024574697
-0.0695063248
-0.176526815
0.126669705
0.0722707957
0.0725056753
-0.0591947734
0.113603532
0.0405210666
-0.186508343
-0.0482203402
0.0598804466
0.153145581
0.142187119
-0.0667470694
0.274859726
0.32909748
0.12676388
0.0266987011
0.00665914966
0.104848832
0.0660911202
0.00598815409
0.0296484586
-0.0589851327
-0.124417104
0.0219656099
-0.170778975
-0.135517061
-0.00898945238
0.156648412
0.138632461
0.0105743296
0.104925171
0.000492376625
0.16564998
-0.219637722
-0.0659334287
0.059885554
0.129313886
0.0973944664
0.0130557697
-0.0288502108
-0.0504803471
-0.0209892634
-0.0797187909
0.0013020481
-0.0052105668
0.172357187
0.0177402496
-0.0819300413
0.246849388
0.193043739
0.176661938
-0.050283663
0.0779555812
0.0546386018
0.0564575791
-0.0301474482
0.035225559
-0.00418304466
0.0409387238
0.088314943
-0.150376007
-0.118588202
0.0948624834
0.141234338
-0.139727965
-0.144067466
0.0847795084
0.171485618
-0.00689855823
0.00445220619
0.0690774545
-0.0596772581
0.0854434296
-0.019402327
0.000342130195
0.0432505161
-0.127172783
-0.0935352072
-0.105605692
-0.175933436
-0.0718523636
0.00836311094
0.019856859
0.00599277392
0.0258954857
-0.035666246
0.0276495498
0.0656721741
-0.0256763007
-0.0637357086
0.140398547
-0.0285062548
-0.0382224396
-0.101214692
-0.0671617389
-0.0388942771
-0.129416242
-0.131467775
-0.00182511436
0.0669371337
-0.0219460931
0.0221119244
0.10128399
0.0532770492
0.105191231
-0.0612057149
-0.00206917175
0.0339613259
0.0701697692
0.0816978812
0.0683109164
0.0127133429
-0.00350513076
0.0085349977
0.0538912639
0.0504454896
-0.0811438784
0.0639073551
0.0288390908
0.127077848
-0.0703181028
0.0324623324
0.13677527
0.0357020199
-0.131565869
0.0392582826
0.0772713721
-0.0854361653
0.0267319698
-0.0283965785
0.0597727932
-0.039676562
-0.00130505848
0.0547679812
-0.00833753776
-0.112281844
-0.0322283767
-0.0744330287
0.0533428751
-0.128270805
-0.0735665485
0.143652499
-0.0532980636
-0.103235453
0.0205020085
0.0560599156
0.0671285838
0.0604929626
-0.0162322205
0.0801784992
-0.0739144236
-0.00501300162
-0.0245394465
0.148383543
0.11297375
0.0790884942
0.117388189
0.165586963
0.123057425
-0.0397725217
0.0410541408
0.308538526
0.0544009358
0.0771452412
0.118781224
-0.0370122157
-0.0465165451
-0.0464372113
-0.00139025261
-0.139190972
-0.0520223305
0.149289563
0.0408353731
-0.00289030699
0.017647557
-0.069830671
0.0327687077
-0.0339845307
-0.0889707804
0.0860448107
-0.00519182906
-0.0488451496
0.0687570348
0.00910832174
-0.0458852351
0.00838419795
-0.136769965
-0.100945801
0.0309628621
0.090568535
-0.0597729459
-0.0727558136
0.123522677
0.0527030937
0.00498488545
-0.10385222
0.112515591
0.105726801
-0.0189974606
-0.0252139121
-0.0438124649
0.0303501934
-0.116082333
-0.0677059814
-0.132239968
-0.0802433714
-0.0215999838
0.144565031
-0.00323381484
0.0248043425
0.103988335
0.107341602
0.0685583949
0.00195115583
-0.0255989581
0.106551997
0.0624394715
-0.0678029954
-0.0291452389
0.0995317101
-0.0300832652
0.013812229
-0.0708427504
-0.0971126854
0.0480392724
-0.0191569608
-0.0260463748
-0.0979028791
-0.0219411738
0.00992919318
-0.088067092
0.0355464369
-0.0584983975
-0.0409849025
0.0416617729
0.0328984298
0.0937650651
0.0881788209
0.0560650714
0.0110532539
-0.138232455
-0.0259527918
-0.00909458008
-0.00824845117
-0.0932064727
0.114611387
0.0826423913
0.110055298
0.0790083259
0.0595446751
0.00578147359
-0.0660978258
0.0349387936
0.0535852015
-0.0463171229
-0.063845627
0.0136425104
0.0227160864
0.0440167598
0.063224256
0.0810593888
0.0834012777
0.123153724
0.0597380064
-0.0468759984
-0.0167391989
-0.0656373873
0.0199476965
-0.0285457429
-0.0301493648
-0.0692883879
0.0697856992
0.120475642
0.092017673
-0.0254798345
-0.0317508988
0.000650930626
-0.0636854172
0.000188444916
-0.0819698796
-0.0628734156
-0.0968882814
-0.0371066369
-0.113884091
-0.0189607032
0.0110040708
0.000957176555
0.116210811
0.0166509338
-0.0287891179
0.0350113548
0.0469995774
0.00829353742
0.0676945522
-0.113391265
-0.083105959
0.0242924802
-0.030016914
-0.0359407999
0.0599862263
0.0745387599
0.233667642
0.310878783
0.195347369
0.0870761797
-0.0761487707
-0.0831846222
0.0335029997
0.0228705611
0.0643997267
0.0449084416
0.0574479401
0.00347933825
-0.0849598646
-0.0744792521
-0.0490862802
-0.0241829697
0.0751480535
0.121093817
0.0584202483
0.0413928628
-0.10147579
-0.0856257081
-0.112520874
-0.0474397466
0.0128592188
0.163201913
-0.0797552541
-0.112848148
-0.0487281755
-0.104725085
-0.100572988
0.00450611627
-0.0115457047
0.0332264639
0.204440862
0.213631406
0.156321511
0.291578978
-0.0187660046
-0.0544714667
-0.0582897663
-0.0344076492
0.0540166311
0.0945170075
0.0997335464
0.0952853039
0.0363154337
-0.114923775
-0.12016122
-0.0773785412
0.0284245275
0.0154624963
0.0985295177
0.196934611
0.24255161
0.160468876
0.0836486295
0.0827319026
-0.0215503201
-0.151706994
0.00496228831
0.104970545
-0.0742742717
-0.0637757778
-0.0500602797
-0.0565159954
0.0612918213
-0.0198711008
-0.0444828868
0.0640745834
-0.055952955
0.125272617
-0.0730731636
0.0376408771
0.10271816
-0.1311187
0.136820883
-0.0435999371
0.095278129
0.116074868
-0.195093438
0.0175978336
0.121010303
-0.0191615894
0.143074453
-0.00217500445
0.0308462325
0.113486819
-0.0276186578
0.0141895851
-0.00514304731
-0.0512014218
0.00603636727
-0.00446034456
-0.0602978915
0.0701943934
-0.00272040581
0.0388612561
-0.0398518369
-0.0720189139
-0.0730841011
-0.0642374903
0.0725750178
-0.0691883564
0.00460810773
0.0334851779
0.0247170068
-0.00293309591
-0.0185266584
0.0241817981
0.00638096593
-0.0512945242
-0.016605204
0.0122217499
0.0866292492
-0.0205410495
-0.105141923
0.117232822
0.0341947526
0.0195141453
0.133291841
-0.0964277983
0.0537628122
-0.139790282
0.00146825518
0.110312261
-0.0814247876
0.0168064404
0.0977082998
-0.134034485
0.0969292223
-0.0504514724
0.00201879535
-0.0230414923
-0.120517753
0.0619551465
0.0238945
0.0940570086
0.127889678
-0.113235883
0.103382401
0.101433337
-0.00700368593
-0.00125273527
0.0658554882
-0.0799286813
-0.017259663
-0.00592671242
-0.132865101
-0.0255086366
0.0140213324
0.0178387016
-0.132932946
0.0357382707
0.153661177
-0.000589848787
0.126358867
0.0458829515
-0.0562924296
0.0731378198
0.0415646806
-0.116924614
0.0390625708
0.0316919647
-0.00111671945
0.00792394113
-0.0351098068
-0.0322650373
0.12050654
-0.0351862572
-0.00393760577
0.100607693
0.0241477564
0.127196997
0.116240248
-0.207177132
0.00673566246
-0.0983233079
-0.155327946
-0.152014807
-0.117975928
-0.0667714328
-0.188606665
-0.0504482947
-0.0593316033
-0.11625471
0.0834934562
0.0412836559
-0.143956229
-0.01520094
0.056948211
-0.0739401579
0.00746311853
-0.0339721292
-0.0782339722
-0.177823707
-0.0548062474
-0.152956977
-0.139087096
-0.0106234774
-0.23168619
-0.025821887
0.0863130614
-0.0836526453
0.00640462711
0.079425171
0.0163256153
0.117148176
0.0620317049
0.062363077
0.085625641
0.124513075
-0.125802442
-0.016274415
0.00168235006
-0.122833192
-0.141984016
-0.134275556
0.0311673414
-0.0652806386
-0.050255239
-0.0367154144
0.0444731787
0.119084924
-0.0527211539
0.108055942
0.166571587
-0.0474632718
0.0152005423
0.140011817
0.0552269109
0.00532482099
-0.0333214328
-0.0535346791
0.0219307262
0.0537237301
-0.0106809428
0.00819811132
-0.049249988
-0.0652740523
0.0660239011
-0.00360271335
-0.00484090066
0.0705644488
-0.0803901479
-0.0663719624
-0.0287081897
-0.0733606517
-0.015044556
-0.0088361688
0.0512667224
-0.122752517
-0.00203328207
0.0255570002
-0.168717921
0.00911639538
0.105016068
0.0456246361
0.0617068298
0.0118431747
-0.0629988685
0.0678209066
0.0513660721
0.0919953212
0.0121006807
0.113684073
0.0186980553
-0.0259556491
-0.0229207817
-0.00388284889
-0.158793196
-0.154650241
-0.0122502241
-0.0461135171
-0.0919113159
0.0255633257
0.0558206961
0.0951316729
-0.00329330144
0.0394856334
0.0626565516
0.0523991846
0.0987616777
0.136745334
-0.0279939976
-0.142201141
-0.102527656
-0.11669343
-0.0872146189
-0.086253345
-0.156393662
0.0195771027
-0.0877702236
-0.0783011615
0.0832770765
0.0454614349
-0.0997150689
0.00382868689
0.105107903
-0.0207891371
0.0719629154
0.0305551942
0.0684636906
0.114455782
-0.00388295134
-0.0663104653
0.0136251785
0.0448910594
0.0901350006
0.0854826644
0.0916085541
0.0166898649
0.0901621953
-0.0535678081
-0.0260619856
0.133193046
0.0176000185
0.0422295146
0.0904820636
0.0575733818
0.0136877596
-0.202500746
-0.0680195093
-0.0589883402
-0.133497149
-0.154858127
-0.0653464869
-0.0760247335
0.0579333007
-0.0109620327
0.060404405
0.0965849906
-0.0832741782
0.0950813293
-0.0157900229
0.0643888712
0.0300403442
0.0485985987
-0.0214732178
-0.195272088
-0.0764395222
-0.0500541478
-0.109687336
-0.209580153
-0.175092757
-0.152430534
-0.0184582006
0.00649713026
0.138326138
0.0685803294
-0.00514293462
-0.0345932283
-0.0161462836
0.0328197107
-0.0603355244
0.0425930955
-0.0441506803
-0.0332598388
-0.0470371321
0.0845726356
0.143241957
-0.0468092971
-0.0592397265
0.00377644529
0.025002433
-0.0143443756
0.0492562614
0.0977832302
0.0608800836
0.0441298075
0.0137082264
0.0649073869
0.0147695569
-0.0129118469
-0.0444517918
0.0651807263
0.0640756935
0.0517653711
-0.0442871638
0.008895237
0.0472813696
-0.0133677553
0.0552517772
-0.0184662156
-0.0111425221
0.0661634952
0.0720135272
0.0677859038
0.027526021
-0.0193504896
-0.0445860848
0.033138603
0.0461327657
-0.0108158495
-0.0110322936
-0.139763594
-0.0263619423
0.0602334924
-0.0958160684
-0.102368854
-0.00949176773
0.0343543142
0.0971686542
0.148700967
0.0731839985
0.0333458595
-0.0246192608
-0.0225796122
0.0718173757
0.0113978088
-0.00733490149
0.0411416404
0.034547016
-0.0568282753
0.0886538997
-0.016482411
-0.0140576493
-0.0391534902
-0.121124819
0.0629124492
0.112455003
0.171747461
0.0425314195
0.0459751636
-0.0364642665
0.0245145001
0.0784358159
0.0578188524
-0.182835683
-0.141093642
-0.112945348
-0.134760752
-0.173451275
-0.139447644
-0.127928346
-0.0652767345
0.202592641
-0.131899983
-0.0335810892
0.0546028689
0.0352105126
0.0878607556
0.0250380207
0.043368727
0.00273633376
-0.0966625884
0.0345458165
0.145049646
0.0666580051
-0.0497976243
-0.0728255957
-0.00927491952
0.098571673
0.0846641287
0.0411646068
0.0102747474
0.0622627884
0.0571995415
0.0561555661
-0.0852634311
0.00901151169
-0.0502614267
0.0440538488
0.00248050923
-0.109707475
-0.0376244672
-0.0280361306
-0.209611356
-0.158472195
-0.030610932
-0.0556851588
-0.0344789773
0.204854399
-0.0820513293
0.136882856
0.187752545
-0.0305792782
-0.057978604
0.0412729643
-0.0144011108
-0.0177937225
0.0595619343
-0.180357575
-0.0416642912
-0.0157238375
-0.0889067426
-0.0934871882
-0.0243248679
-0.0616836585
0.0550973341
0.056910947
0.0399183743
0.0173451584
0.137987986
-0.0257454477
0.118930437
0.121448912
-0.00216871337
0.153763846
-0.00901305769
-0.0975950286
0.0454691276
0.00722534442
0.0496359132
0.0941041782
-0.0742763206
-0.0135769919
-0.0595952086
0.04027538
0.00702027744
0.0513498373
-0.00353903533
-0.00502993399
0.0811478198
0.021865245
0.101337247
0.0929440558
0.0366964079
0.042295251
0.00615773257
0.0300067607
0.00382138486
0.0850360245
-0.0270866472
0.00560556957
0.0203817878
-0.00212491676
0.023764085
0.0787404925
0.0547391772
0.0674383864
0.0470722616
-0.00309407711
-0.0257853176
-0.0719119534
0.0562827401
0.0143019725
-0.0269375294
0.0542844012
-0.0382946394
0.00879329629
-0.0286523867
-0.0939044952
0.0766282156
-0.0422670059
0.0960693061
-0.046661105
0.0483043939
0.0759835318
0.0637429804
-0.0110462699
0.0665058345
-0.0196125545
-0.0966910273
-0.0933365226
0.00294588995
0.0507580526
-0.0189701021
0.0610431693
0.0182924345
-0.0179004166
0.00218168693
0.0384490602
0.0219780281
-0.0392937101
0.0808627531
0.086541675
-0.0196454301
0.0117114829
-0.00794369821
-0.0361008644
-0.0948496833
-0.140544817
-0.104343645
-0.136199683
-0.0941993967
0.0120338062
-0.062904574
-0.0188170467
-0.00188935467
-0.0636851341
-0.0326792933
-0.0219948106
-0.0357635207
0.0417335555
0.0571199693
0.113808826
0.0419434868
0.109793544
0.0658482313
0.127347365
0.0167309213
-0.0132613312
0.134479955
0.0451550558
-0.0248938929
0.0475337654
-0.0124025857
-0.0630175024
0.0787507296
0.0521212853
-0.0379016884
0.0976837575
-0.0994557887
0.0681090802
0.130103603
-0.0496281236
-0.138798207
-0.139011875
-0.0491366088
0.0256091319
-0.0448384993
-0.0245256126
0.027767919
-0.124659687
-0.00997335929
0.0266357232
0.0149982385
0.100591607
-0.0399362855
0.117800519
0.100772433
0.119662285
-0.0399489067
0.0744784027
0.0161062535
-0.15825747
-0.0929590315
0.0176808201
-0.103428572
-0.00188109663
-0.027250953
-0.0529477447
0.00351774599
0.00830613263
-0.0061596618
0.104626462
0.0822317973
-0.142977253
-0.134381458
-0.0753092244
-0.206480026
-0.259869188
-0.0829515979
0.0577279925
0.000333354285
-0.0872457996
0.126764864
0.080457896
-0.00497005973
-0.00338547607
0.0750744194
0.0897474289
0.0706822574
0.0437944569
0.116020501
-0.132178009
-0.0426719338
-0.100967012
-0.0411630385
-0.126808494
-0.132172972
0.0540262721
0.146836981
0.0568600036
0.0578130633
0.00777264358
-0.0303696636
-0.108458415
-0.182235599
-0.168637693
0.0726621076
-0.0114190783
0.0626690611
0.0275320616
0.0370540023
0.0126599669
-0.0427600257
0.0551799163
-0.0504296832
0.0469344817
0.051626984
0.0255144369
-0.048215773
0.0169561431
-0.0780993477
0.123254351
-0.077816315
-0.0306678098
0.0487350225
0.197700366
0.170108944
-0.0267384388
-0.0629332066
-0.0404984914
-0.107518844
-0.127344757
-0.118649326
0.0261274762
-0.00486861216
0.00612782221
0.105773978
0.074100405
0.170741007
0.0763097554
0.00605690805
0.0817543194
0.0967973918
0.221279353
0.221712232
-0.0676110238
0.102463022
-0.101680428
-0.213508219
-0.0934494063
-0.0669891909
0.287324816
0.217900544
0.134854361
0.289094836
0.170484051
-0.0546466
-0.222294047
-0.250424355
-0.406992078
0.0244475659
-0.00885522831
0.0870298371
-0.0372797213
0.0222960133
0.0275414493
-0.0973739922
-0.103833668
-0.0889841542
0.175480232
0.142530143
0.189951152
-0.0107472744
0.126435608
-0.0650138035
-0.156605244
-0.233523265
-0.186160564
0.111629024
0.0137455054
0.0269836076
-0.254776508
-0.14392212
-0.158619866
-0.0675352365
-0.171637222
-0.0619804263
0.203156784
0.156099945
0.178104073
0.200639397
0.30677399
0.0440306105
-0.271337569
-0.0948912129
-0.342936337
0.00100044592
0.166070685
0.211954966
0.0112467119
0.083293438
0.0690604746
-0.175435871
-0.246291205
-0.199285835
0.0894107893
0.0265216865
0.145930961
0.0810391158
0.21944128
0.152793318
-0.0143038584
-0.0912670121
-0.17035383
-0.056412071
-0.0891198143
-0.196741
-0.00512100011
0.0612988025
-0.0617903918
-0.0569526665
-0.0654149503
0.037391331
-0.10066063
0.00607746793
-0.0359582007
-0.00965969637
-0.0909892395
-0.16155076
0.0284946151
-0.0347534567
-0.0398452915
0.0928922072
0.0744604096
-0.0768075511
0.137410238
0.0233597402
-0.0445497744
-0.15726015
-0.0641213208
0.0465639234
-0.0616521984
-0.0976913124
-0.0910678953
0.0715693757
-0.0209125541
-0.0121174091
0.026683405
0.116398782
0.144790888
-0.00953293871
0.0700557455
0.0277829878
-0.0739145279
-0.0224816799
-0.0208302345
-0.0828332156
-0.00473166537
0.0718883201
0.101117775
0.0245046094
0.144009903
0.0913740322
0.0508421287
0.154197156
-0.156474933
0.0082046641
0.0541467741
0.0550036952
-0.0445852764
-0.0101820063
0.0569197536
0.0970678255
0.0161921997
-0.0502469577
-0.0801338032
0.0393782407
-0.0717908293
-0.127670765
-0.02031531
-0.0569876619
-0.155027226
-0.0620484091
-0.0462923348
-0.111117408
-0.0728822127
0.0539475866
-0.0909573957
-0.129513308
0.134080425
0.0702113435
0.0130768018
0.0334150903
-0.0108159743
0.0404963344
0.026668828
-0.112613931
-0.117682986
0.290042728
0.239668712
0.0218759645
0.173547
0.332277745
0.317452163
0.0680840537
0.0376941189
0.0885628685
-0.0638176724
0.0329002142
0.0842291415
-0.0138817495
-0.0214586388
0.0204550158
-0.00836875383
-0.0520821661
-0.0993323028
0.0241690371
-0.000515955093
0.0673100725
0.0865381658
0.0100646522
0.128027901
-0.000385504303
0.0116061419
-0.0885998607
0.00370646594
0.0122209964
0.101502165
-0.124904647
-0.136451125
-0.0102283582
0.00272297487
-0.0254568048
-0.122737154
0.17214857
0.188930526
0.101554401
0.209921941
0.196218684
0.294119507
-0.0100450134
-0.0736378059
-0.162053242
0.01387926
0.0844089091
-0.0197088718
0.000185640558
0.0518064611
-0.0457373373
-0.0707457289
-0.0656299666
-0.106589459
0.211286142
0.189831078
0.0196984131
0.170750424
0.266186446
0.206409246
-0.268699974
0.0727029592
0.154636115
-0.0758397728
0.171634361
0.0716322511
0.0922864303
0.0314712152
0.00829506852
0.0170071404
-0.109889448
-0.149831116
-0.0842668116
-0.234517321
0.0695384368
-0.0850087479
-0.182368308
-0.0579271428
-0.278693765
0.0321662687
0.219574481
-0.0744531006
0.197451234
0.0712586343
-0.0103099803
0.177867666
-0.0748885125
-0.0289583113
-0.0256770179
0.0754371956
-0.0465197489
0.0415255353
-0.000778622227
0.0489106216
0.0058142161
-0.143853977
-0.0770935044
-0.0662770569
0.0427284352
-0.0383988321
-0.0131312013
-0.0426102206
-0.0732055232
-0.070425421
0.0677109659
0.0306952242
0.0233195275
0.0461221933
-0.134091035
-0.0822767392
-0.0662814975
-0.10136719
-0.0288003441
0.0758859515
-0.170624539
0.0610101335
0.130587563
-0.0527266189
0.156395748
0.0407909341
0.116447695
0.0605551153
-0.094825089
0.07972119
0.0524406843
-0.0527958423
-0.0924182236
-0.277331561
0.0436116122
-0.0840180814
-0.145471454
0.0150479451
-0.219556153
0.0471062474
0.100080818
0.0367114916
0.12923035
0.0395005606
0.114791527
0.0427834503
-0.0982707739
-0.255193502
-0.115011886
-0.0379343964
-0.0658426061
-0.16360186
-0.143921345
-0.0667062774
-0.126318678
-0.120332129
-0.144821912
-0.0725606382
0.118654713
-0.102297716
0.14196533
0.155983835
0.0642154291
0.155272335
-0.040602807
-0.273368597
0.0116647016
0.0247852374
-0.111491509
0.103974968
0.0242840145
0.047407914
0.0776728466
-0.118255958
-0.113632977
0.123979107
0.170202345
0.104041003
0.205733091
-0.0438235588
0.191296414
0.10119009
-0.134259284
-0.210820019
-0.127778277
-0.00273117027
-0.161005974
-0.0113089215
-0.171610817
-0.104012616
-0.106449075
-0.145785362
-0.167223737
0.0149481595
0.160924777
-0.100254342
0.125817463
0.0690738633
0.0328965746
0.19740577
-0.122163616
-0.0807068199
-0.140141204
-0.0356393419
-0.17246592
-0.0451422781
0.062194977
-0.0907281786
-0.00184170506
0.0530762933
-0.0450578853
-0.113423832
-0.122117609
0.00731634721
0.0523484461
0.125376731
0.201302215
0.0319203064
0.0413212143
0.105776787
-0.00394410547
-0.00240109232
0.00669775018
-0.0568884835
-0.0877009928
-0.172196284
-0.183548152
-0.102906674
0.0183151774
-0.135729045
-0.232277706
0.00131672644
-0.0466501862
0.0343416221
0.170041248
0.0656134859
0.055140201
-0.0748529136
-0.116759874
-0.132884324
-0.101057597
-0.0440604948
0.0480638109
0.076412335
0.0571014471
0.0961251408
0.0738352388
0.048966825
0.0722165108
0.0475417003
-0.0773586184
0.0244473331
-0.0110208988
0.0388040356
-0.0801635832
-0.00848884787
0.0425538085
0.0527138487
0.053158924
0.144798279
0.156526878
0.164118752
0.15801248
0.0723804384
-0.113352254
-0.0992012993
-0.104851514
0.0398979522
0.00347706792
0.0715076402
0.116798736
0.155271441
0.0567962267
0.074213542
0.0723128617
0.104262114
0.0520293452
0.0968912765
-0.0115581453
-0.140610784
-0.16412887
-0.103742577
-0.0549311414
-0.167324945
-0.180400014
-0.093722105
0.116231546
0.175081536
0.180911317
0.202605963
0.179574355
-0.0951025635
-0.104348458
-0.205196619
-0.100363716
-0.146177441
-0.152451843
0.00845000893
0.0514539108
-0.0083527863
-0.0716235191
-0.112376451
-0.148515925
0.090089485
-0.0399957821
-0.0811057985
0.0204691198
0.123708867
0.150945798
-0.0468521304
-0.0764743686
-0.232195139
-0.0657327473
-0.0505863465
0.0927955136
0.159805581
0.0814117119
0.068540521
-0.194825232
-0.101685859
-0.119614609
0.104549617
0.04458078
0.048302155
0.177450046
0.152870134
0.0715073049
-0.0466883108
-0.00565769058
-0.13148649
-0.0178416297
0.0421411991
0.134619236
0.127503753
0.198767528
0.135913625
-0.0670875311
-0.0969785228
-0.178793028
0.00607820414
-0.144590676
0.034880802
0.0732184947
0.219865873
0.137858197
0.0827556252
0.0282638632
-0.0106507055
-0.0165869687
-0.0238832179
0.137034118
0.232585698
0.114349052
0.0894560516
-0.0944696441
0.0391771607
0.135379374
-0.293168664
-0.0817237273
-0.154659495
-0.0696718916
-0.108921394
-0.146740809
0.0462070368
-0.0184705649
-0.0174572207
0.179681301
0.0230014008
0.0167949032
0.0568168312
0.120680571
0.0696094558
-0.011586397
0.11648681
0.136624604
-0.211839959
-0.199031666
-0.127444476
0.00516952155
0.0584614985
-0.128731489
0.0557743125
0.171637222
0.202691093
-0.0486804396
0.0580465123
-0.016110627
-0.0424005017
-6.05086825e-05
-0.121645302
0.0673761219
0.0381394923
0.0699515492
-0.013946007
0.00750197982
0.0631670579
0.00139675546
-0.00462900614
-0.0710042641
-0.0820875093
0.0839520618
-0.0353890322
-0.0823056027
0.0148364529
-0.158481076
0.0244220924
0.135897368
0.0185840465
-0.0174632575
0.0309880581
0.168608457
-0.162938684
-0.11252965
0.0402755775
-0.0182325374
0.00602291804
-0.00463237148
-0.0215950981
-0.0461022817
0.0469317473
0.184069425
0.111977801
0.0833595023
0.138873264
0.148774758
0.169467598
0.0189510304
0.0658883825
0.144378155
-0.246389017
-0.114023864
-0.0214839466
-0.10868521
-0.1373557
-0.051134631
0.307021141
0.218527302
0.238273367
0.00153699296
0.131801099
0.141972736
-0.20986636
-0.122380652
-0.0869618282
0.0889448151
0.0322216041
0.115696281
-0.0660277978
-0.0378673524
-0.0553468764
0.0055520786
-0.0251865387
0.0569459051
0.148804933
0.133183524
0.206068546
-0.172960743
-0.0784473792
0.0236830227
-0.0525623709
-0.0961259231
-0.189131424
-0.0591829531
0.0771997496
0.0871266574
-0.31907317
-0.208916962
-0.091702126
-0.0285906717
-0.0643512756
0.0046540848
0.213778436
0.174614295
0.226008341
-0.0961885825
0.133610263
0.0942890868
-0.15142642
-0.103793815
-0.154037461
0.00798399467
0.015538374
0.2319462
-0.188763738
-0.0814625546
-0.00700530177
-0.145504981
-0.0290246252
-0.0845745131
0.228261769
0.0996868238
0.176136538
0.0210181326
0.139838472
0.108020946
-0.0390550122
-0.0524868593
-0.031912785
-0.0812883601
-0.167026803
0.199126482
-0.177442864
-0.00574190635
0.0814989731
-0.186946705
0.00340497424
0.068640165
0.141037896
0.161366105
0.0415251069
0.129828364
0.0212145224
-0.0366415307
0.213563353
0.017409157
0.0739996582
-0.0907262415
-0.216714099
0.25203073
-0.223026216
0.00709696906
0.122752316
-0.259737045
0.0823800638
0.124977857
-0.0781005472
0.0869004652
0.179298803
-0.166149288
0.136459321
0.12092343
-0.011707549
0.115127966
0.112922378
0.00262005138
-0.023704499
0.00868277811
-0.0770625025
0.00998183154
0.0663040206
0.0195248239
0.0320062563
-0.0810265541
-0.0623334423
-0.0879240111
0.00210250542
-0.062207412
-0.0759551749
0.18119669
-0.0242258217
0.0231298767
0.0775966719
-0.127186462
0.0791417435
0.135691524
-0.105364285
0.0593152791
0.110746324
-0.131636068
0.0493888743
0.141245291
0.120860979
0.0355656818
-0.129227877
0.104708582
-0.00582225248
-0.0722563416
0.184772983
-0.044099465
-0.146962568
-0.192839891
-0.0513011441
0.20963867
-0.137761801
0.0901860818
0.0490425602
-0.213535309
0.0267084669
0.0893761963
-0.16818133
0.137391403
-0.0097770337
0.0264254715
0.201892003
0.00620717648
-0.0139903808
0.121768907
-0.0403962061
-0.0584830604
-0.0146655207
0.189188749
0.016217649
-0.0825062245
0.224449426
-0.0397530235
0.00675893901
0.107258476
-0.213456437
0.0421108715
0.121240124
-0.140483439
0.0181156117
0.116636194
-0.199699879
0.0201561768
0.187789813
-0.259192526
0.17682384
0.209019661
-0.149106517
0.165613577
0.174366176
0.0370743051
0.240613654
0.0821071714
-0.202037796
-0.0971389785
-0.14667052
-0.247672901
-0.200764582
-0.190040797
-0.201203659
0.0541895553
-0.00517909648
-0.165346444
-0.150542125
0.211128667
-0.2407583
-0.038827911
0.0646809563
-0.210745335
-0.0226930808
0.104327969
-0.0167806838
-0.159542605
-0.131177783
-0.0377122797
-0.197459891
-0.171202078
-0.0865616798
-0.109260313
-0.0195804667
