0.50500536
-0.196058571
0.338066399
0.19938983
0.139457762
0.515039682
0.518591583
0.381228179
-0.268051296
-0.138718084
-0.225069135
-0.24538514
-0.391063839
-0.105208918
-0.0612775981
-0.0464133993
-0.346675664
-0.249116182
0.158867866
0.320782155
-0.1066975
0.576091707
0.557157457
0.161036193
0.589032054
0.249634981
-0.166410446
0.447862506
0.510540485
0.402229756
-0.00368774682
0.408221781
0.467938393
-0.122521594
0.116587937
0.269007355
-0.0319177732
0.158587098
-0.169914052
-0.0146473646
0.0123866005
-0.0641630888
-0.210837811
-0.130679339
0.0816446543
0.100510888
-0.431938171
-0.209157154
0.425205112
-0.0329350941
-0.319934249
0.249155089
0.329817921
0.486258775
0.0502222292
0.20812498
0.409485191
0.224791929
0.600979447
0.57785219
0.566337645
0.217197597
0.245329633
-0.0599999875
0.0444527715
-0.265817136
-0.223717853
-0.453524262
-0.46538505
-0.370589614
0.0262301397
0.0638707206
0.124111772
0.0330346227
0.419517785
0.252638966
0.713177621
0.447577685
0.189574793
0.303516656
-0.19810316
0.139061734
0.183094069
0.571982682
-0.0886787996
0.0720852986
0.412996799
-0.500475764
-0.458761841
0.0180159006
0.388458461
0.541547954
-0.0778901502
0.25689435
-0.119912371
-0.465875834
0.429145455
0.499800205
-0.242569298
0.280418515
0.434648842
0.284180999
0.453423828
0.690297306
0.281561911
-0.0357148312
0.206510648
0.137478948
-0.153545216
0.202897832
0.123858579
-0.228288472
0.365888149
0.308266073
0.103775948
0.445876539
0.382425725
0.223877445
0.193664953
0.348350823
-0.0146640604
0.341640532
0.471978962
-0.219596311
-0.41684863
-0.332786411
0.497471958
0.269907981
0.476905227
0.413869977
0.514279962
0.0163188949
0.492492288
-0.101829246
-0.403375119
0.353208542
0.0214210805
0.220494777
0.163224727
0.227255508
0.355626047
-0.403581172
-0.413199842
-0.44167459
